ДЕМОНСТРАЦІЙНИЙ НАБІР ДАНИХ HYDROBULLETIN
Дата для запуску: 12.07.2026
Усі значення синтетичні та призначені лише для навчальної демонстрації.

81015 12081 10186 20031 30180 41900 81234 00081 =
81017 12081 10214 20061 30208 41900 82125 09940 =
81028 12081 10094 20000 30094 42200 83167 00021 =
81030 12081 10132 20042 30136 42400 83394 01361 =
81078 12081 15003 20021 35001 41800 80038 09910 =
81080 12081 NIL =
81085 12081 10150 20011 30149 42300 80072 00001 =
81087 12081 10112 20022 30110 42100 80146 00051 =
81092 12081 10176 20041 30180 42300 80231 00121 =
81102 12081 10243 20052 30238 41900 80108 00081 =
81103 12081 10168 20010 30167 41800 80134 00031 =
81468 12081 10082 20030 30080 42000 80095 09920 =
81108 12081 10195 20012 30194 41800 82251 00061 =
81109 12081 10228 20051 30224 42400 82460 00101 =
81113 12081 10108 20020 30106 41800 80064 00041 =
