Демонстраційне гідрологічне повідомлення за попередню добу

79726 11081 10120 20000 41700 82118 00014 =
81092 11081 10088 20000 41600 81062 00024 =
81109 11081 10075 20000 41500 81054 00004 =
81103 11081 10132 20000 41400 82105 00034 =
81113 11081 10100 20000 41300 81072 00014 =
81122 11081 10065 20000 41200 81046 00004 =
81033 11081 10148 20000 41800 82144 00024 =
81203 11081 10200 20000 41900 82192 00054 =
81041 11081 10300 20000 42000 82215 00034 =
81205 11081 10054 20000 41700 81038 00024 =
81206 11081 10075 20000 41800 81042 00014 =
81225 11081 10110 20000 41900 81066 00044 =
81244 11081 10045 20000 42000 81029 00034 =
81254 11081 15003 20000 42100 81021 00004 =
