Демонстраційне гідрологічне повідомлення за поточну добу

79726 12081 10125 20051 41800 82123 00094 =
81092 12081 10090 20021 41700 81065 00084 =
81109 12081 10073 20022 41600 81052 00074 =
81103 12081 10133 20011 41500 82108 00064 =
81113 12081 10101 20011 41400 81074 00054 =
81122 12081 10065 20000 41300 81047 00044 =
81033 12081 10150 20021 41900 82146 00034 =
81203 12081 10205 20051 42000 82198 00084 =
81041 12081 10301 20011 42100 82218 00054 =
81205 12081 10052 20022 41800 81036 00064 =
81206 12081 10075 20000 41900 81043 00024 =
81225 12081 10111 20011 42000 81067 00074 =
81244 12081 10100 20051 42100 81033 00084 =
81254 12081 15002 20011 42200 81022 00014 =
