Метеоданнi ГЦТОI
Як
користуватися
сайтом ?
Головна
Довідники
Аеропортів
Станцій
Авіація
Синоптика
SYNOP
Шторми
Аерологія
Гідро
Агро
Море
МРЛ
Прогнози
Журнал
Карти
Введення
інформації
Історія
повідомлень
SOFT
Налаштування
Користувач:
lvpgd
SM Синоптичне зведення основний термiн
: 
Камянка Бузька
2026-08-08 18:00:00
33288 32698 30000 10210 20139 40207 53008 82401 333 10259
555 1/020=
2026-08-08 12:00:00
33288 32598 73002 10250 20126 40197 58008 85309 555 1/036=
2026-08-08 06:00:00
33288 32998 50000 10194 20155 40205 52007 82064 333 20138
555 11024=
2026-08-08 00:00:00
33288 31658 20000 10151 20146 40198 51004 71011 82500 555
1/017=
2026-08-07 18:00:00
33288 12697 63303 10196 20161 40182 52014 60062 84440 333
10254 555 1/019=
2026-08-07 12:00:00
33288 /1597 60103 10224 20205 40164 54000 70298 85940 555
1/025 60061=
2026-08-07 06:00:00
33288 11596 83101 10209 20188 40155 53017 69942 79198 889//
333 20189 555 11021=
2026-08-07 00:00:00
33288 32964 00000 10233 20156 40134 53004 555 1/021=
2026-08-06 18:00:00
33288 32598 60000 10292 20177 40124 53004 82964 333 10385
555 1/026=
2026-08-06 12:00:00
33288 32698 22201 10380 20163 40129 57011 82200 555 1/057=
2026-08-06 06:00:00
33288 32998 01201 10268 20189 40154 53001 333 20209 555
10036=
2026-08-06 00:00:00
33288 32964 02101 10218 20167 40157 58003 555 1/019=
SI Синоптичне зведення промiжний термiн
: 
Камянка Бузька
2026-08-08 15:00:00
33288 42598 63403 10236 20138 40197 56001 84360 555 1/029=
2026-08-08 09:00:00
33288 42698 63502 10228 20130 40207 51004 83209 555 1/027=
2026-08-08 03:00:00
33288 41696 60000 10141 20136 40203 53004 71011 86500 555
1/015=
2026-08-07 21:00:00
33288 42962 00000 10164 20149 40192 52007 555 1/017=
2026-08-07 15:00:00
33288 42597 73303 10240 20195 40164 53001 85940 555 1/024=
2026-08-07 09:00:00
33288 41597 73402 10212 20198 40165 52010 70298 86940 555
1/026=
2026-08-07 03:00:00
33288 42597 52201 10192 20153 40140 51002 83509 555 1/018=
2026-08-06 21:00:00
33288 42965 00000 10262 20159 40128 51001 555 1/022=
2026-08-06 15:00:00
33288 42698 52001 10358 20180 40115 57015 83264 555 1/043=
2026-08-06 09:00:00
33288 42998 00000 10351 20178 40142 58005 555 1/056=
2026-08-06 03:00:00
33288 42997 00000 10210 20162 40158 54000 555 1/018=
2026-08-05 21:00:00
33288 42964 02201 10260 20171 40156 53008 555 1/022=
SM Синоптичне зведення основний термiн
: 
Дрогобыч
2026-08-08 18:00:00
33398 32598 63601 10199 20163 40203 53006 83930 333 10234
555 1/021=
2026-08-08 12:00:00
33398 32698 73602 10229 20120 40198 58007 83232 555 1/031=
2026-08-08 06:00:00
33398 32697 73201 10177 20157 40206 52010 85530 333 20164
555 12022=
2026-08-08 00:00:00
33398 32597 83202 10168 20161 40194 52003 889// 555 1/018=
2026-08-07 18:00:00
33398 11597 73202 10176 20169 40185 52009 60132 72598 86930
333 10269 555 1/020=
2026-08-07 12:00:00
33398 /1698 63204 10265 20194 40147 58006 70282 83830 555
1/042 69901=
2026-08-07 06:00:00
33398 12598 72702 10216 20169 40155 52008 69902 86930 333
20197 555 10023=
2026-08-07 00:00:00
33398 /1597 60000 10199 20173 40140 52001 72511 86900 555
1/019 69901=
2026-08-06 18:00:00
33398 32698 60000 10275 20185 40129 57005 81202 333 10366
555 1/028=
2026-08-06 12:00:00
33398 32698 23602 10362 20133 40128 57011 82202 555 1/058=
2026-08-06 06:00:00
33398 32998 00000 10240 20187 40155 54000 333 20156 555
10029=
2026-08-06 00:00:00
33398 32997 00000 10192 20172 40161 58004 555 1/019=
SI Синоптичне зведення промiжний термiн
: 
Дрогобыч
2026-08-08 15:00:00
33398 42698 73602 10222 20130 40195 57003 82130 555 1/026=
2026-08-08 09:00:00
33398 42698 70501 10212 20146 40206 52004 82132 555 1/029=
2026-08-08 03:00:00
33398 42597 83202 10165 20160 40197 52002 889// 555 1/018=
2026-08-07 21:00:00
33398 42597 63602 10176 20166 40190 52005 85930 555 1/019=
2026-08-07 15:00:00
33398 41597 83606 10241 20181 40169 53018 79598 889// 555
1/023=
2026-08-07 09:00:00
33398 41598 72704 10247 20200 40155 52004 70282 86902 555
1/030=
2026-08-07 03:00:00
33398 42698 60000 10215 20157 40147 52008 84530 555 1/020=
2026-08-06 21:00:00
33398 42697 30000 10202 20180 40139 53002 83500 555 1/020=
2026-08-06 15:00:00
33398 42698 72304 10316 20157 40130 57002 81202 555 1/042=
2026-08-06 09:00:00
33398 42998 00000 10352 20150 40140 58004 555 1/052=
2026-08-06 03:00:00
33398 41998 00000 10159 20154 40165 54000 71200 555 1/016=
2026-08-05 21:00:00
33398 42997 00000 10215 20183 40162 52008 555 1/021=
SM Синоптичне зведення основний термiн
: 
Бережаны
2026-08-08 18:00:00
33409 32598 63302 10216 20112 40200 53011 86500 333 10255
555 1/029=
2026-08-08 12:00:00
33409 32598 63504 10234 20095 40193 58002 84240 555 1/047=
2026-08-08 06:00:00
33409 12598 73402 10180 20136 40200 52013 69932 87500 333
20171 555 10018=
2026-08-08 00:00:00
33409 /1597 83402 10182 20131 40180 52006 70298 885// 555
1/019 69931=
2026-08-07 18:00:00
33409 31598 83401 10227 20181 40160 53019 70292 889// 333
10288 555 1/025=
2026-08-07 12:00:00
33409 32598 70502 10285 20186 40137 58007 86250 555 1/046=
2026-08-07 06:00:00
33409 11598 60000 10215 20180 40147 58004 69902 70298 84820
333 20203 555 10024=
2026-08-07 00:00:00
33409 32997 02402 10239 20150 40133 58009 555 1/021=
2026-08-06 18:00:00
33409 11598 51901 10272 20151 40135 53008 60012 70281 82360
333 10367 555 1/052=
2026-08-06 12:00:00
33409 32998 21902 10361 20117 40132 57011 80002 555 1/052=
2026-08-06 06:00:00
33409 32998 00000 10225 20168 40164 54000 333 20168 555
10017=
2026-08-06 00:00:00
33409 32997 00000 10194 20166 40168 58003 555 1/021=
SI Синоптичне зведення промiжний термiн
: 
Бережаны
2026-08-08 15:00:00
33409 42598 73504 10240 20089 40186 57006 85330 555 1/040=
2026-08-08 09:00:00
33409 42598 60504 10230 20085 40196 52001 82249 555 1/031=
2026-08-08 03:00:00
33409 42598 83201 10174 20126 40188 52006 885// 555 1/018=
2026-08-07 21:00:00
33409 41597 83403 10186 20143 40173 52008 70298 883// 555
1/020=
2026-08-07 15:00:00
33409 41598 73504 10268 20198 40135 57004 70292 87900 555
1/033=
2026-08-07 09:00:00
33409 42598 73403 10256 20193 40148 53006 84280 555 1/038=
2026-08-07 03:00:00
33409 41598 82601 10214 20167 40151 53015 79198 8696/ 555
1/020=
2026-08-06 21:00:00
33409 42997 01602 10237 20170 40142 52003 555 1/026=
2026-08-06 15:00:00
33409 42598 31601 10361 20117 40117 57014 83200 555 1/056=
2026-08-06 09:00:00
33409 42998 01301 10330 20166 40146 58006 555 1/048=
2026-08-06 03:00:00
33409 42998 00000 10169 20155 40171 54000 555 1/020=
2026-08-05 21:00:00
33409 42997 00000 10221 20162 40168 52008 555 1/021=
SM Синоптичне зведення основний термiн
: 
Турка
2026-08-08 18:00:00
33511 32998 40000 10188 20128 40209 53006 82052 333 10216
555 1/018=
2026-08-08 12:00:00
33511 32598 80603 10200 20120 40203 58004 86550 555 1/026=
2026-08-08 06:00:00
33511 12598 50402 10160 20138 40209 53008 69932 83540 333
20145 555 11020=
2026-08-08 00:00:00
33511 /1596 80000 10151 20151 40202 52004 71082 885// 555
1/017 69931=
2026-08-07 18:00:00
33511 11597 83401 10159 20159 40194 52002 60352 70398 885//
333 10269 555 1/019=
2026-08-07 12:00:00
33511 32598 30503 10264 20191 40140 57009 83100 555 1/034=
2026-08-07 06:00:00
33511 11598 81302 10188 20168 40169 54000 60062 70298 88500
333 20172 555 11021=
2026-08-07 00:00:00
33511 /1597 53001 10200 20168 40159 53005 71798 82540 555
1/019 60021=
2026-08-06 18:00:00
33511 31998 51402 10261 20164 40142 57005 70191 80040 333
10342 555 1/024=
2026-08-06 12:00:00
33511 32598 30702 10341 20146 40132 57009 83000 555 1/047=
2026-08-06 06:00:00
33511 32998 00000 10185 20156 40185 57001 333 20131 555
10025=
2026-08-06 00:00:00
33511 32997 02801 10152 20144 40195 58002 555 1/016=
SI Синоптичне зведення промiжний термiн
: 
Турка
2026-08-08 15:00:00
33511 42598 40302 10206 20120 40199 57003 81252 555 1/022=
2026-08-08 09:00:00
33511 42598 60402 10186 20123 40211 52007 86540 555 1/024=
2026-08-08 03:00:00
33511 42597 80000 10146 20138 40204 54000 885// 555 1/016=
2026-08-07 21:00:00
33511 41596 80302 10160 20160 40196 52002 72522 889// 555
1/018=
2026-08-07 15:00:00
33511 41596 83502 10167 20167 40190 53024 79598 889// 555
1/019=
2026-08-07 09:00:00
33511 42598 83101 10223 20183 40160 58001 8654/ 555 1/026=
2026-08-07 03:00:00
33511 41496 82901 10176 20161 40172 52007 79198 88900 555
1/018=
2026-08-06 21:00:00
33511 42997 20000 10200 20171 40154 57002 80001 555 1/021=
2026-08-06 15:00:00
33511 41598 60801 10292 20177 40140 57002 71791 82140 555
1/035=
2026-08-06 09:00:00
33511 42998 01001 10316 20175 40146 57007 555 1/042=
2026-08-06 03:00:00
33511 41996 00000 10132 20126 40199 57001 71000 555 1/014=
2026-08-05 21:00:00
33511 42997 00000 10183 20161 40189 52009 555 1/019=
SM Синоптичне зведення основний термiн
: 
Стрий
2026-08-08 18:00:00
33513 32698 63301 10194 20151 40206 53008 82530 333 10238
555 1/020=
2026-08-08 12:00:00
33513 32698 83601 10213 20129 40204 58004 86830 555 1/027=
2026-08-08 06:00:00
33513 32697 83301 10168 20153 40209 52010 8145/ 333 20162
555 11019=
2026-08-08 00:00:00
33513 32697 63103 10166 20156 40196 52005 86500 333 86641
555 1/017=
2026-08-07 18:00:00
33513 11597 73106 10187 20177 40183 52017 60042 70198 85930
333 10274 85929 555 1/019=
2026-08-07 12:00:00
33513 32698 53304 10262 20186 40147 58008 83531 555 1/039=
2026-08-07 06:00:00
33513 32698 62101 10231 20171 40154 52003 83531 333 20196
555 10026=
2026-08-07 00:00:00
33513 31597 62101 10215 20144 40142 52001 71311 82930 555
1/020=
2026-08-06 18:00:00
33513 32698 60401 10274 20170 40132 57002 82569 333 10362
555 1/026=
2026-08-06 12:00:00
33513 32598 30901 10355 20147 40133 57009 82361 555 1/046=
2026-08-06 06:00:00
33513 32998 01701 10249 20174 40159 53001 333 20167 555
10031=
2026-08-06 00:00:00
33513 32997 01701 10187 20165 40165 58004 555 1/018=
SI Синоптичне зведення промiжний термiн
: 
Стрий
2026-08-08 15:00:00
33513 42698 63302 10233 20123 40194 57008 83530 555 1/030=
2026-08-08 09:00:00
33513 42698 60701 10207 20131 40209 52005 82439 555 1/029=
2026-08-08 03:00:00
33513 42697 83203 10164 20154 40199 52002 885// 333 88639
555 1/017=
2026-08-07 21:00:00
33513 42697 83204 10174 20162 40190 52005 885// 333 88641
555 1/018=
2026-08-07 15:00:00
33513 42598 83008 10247 20188 40158 53009 8595/ 555 1/024=
2026-08-07 09:00:00
33513 42697 63305 10251 20194 40156 52005 85231 555 1/037=
2026-08-07 03:00:00
33513 42698 72601 10214 20162 40153 52011 85541 333 85644
555 1/020=
2026-08-06 21:00:00
33513 42997 21502 10231 20144 40139 53001 82030 555 1/021=
2026-08-06 15:00:00
33513 42598 72002 10343 20137 40127 57007 82371 555 1/041=
2026-08-06 09:00:00
33513 42698 11601 10349 20158 40143 58005 81200 555 1/051=
2026-08-06 03:00:00
33513 42998 01501 10170 20157 40168 54000 555 1/016=
2026-08-05 21:00:00
33513 42997 01802 10204 20176 40167 52005 555 1/020=
SM Синоптичне зведення основний термiн
: 
Славское
2026-08-08 18:00:00
33516 32967 60000 10184 20128 40206 53008 86050 333 10207
555 1/020=
2026-08-08 12:00:00
33516 32568 73602 10194 20118 40201 54000 87500 555 1/025=
2026-08-08 06:00:00
33516 32567 50000 10168 20139 40197 53010 85500 333 20130
555 12019=
2026-08-08 00:00:00
33516 32497 80000 10147 20140 40195 53003 885// 555 1/016=
2026-08-07 18:00:00
33516 11566 80000 10172 20165 40179 58001 60452 72598 889//
333 10274 91808 555 1/018=
2026-08-07 12:00:00
33516 32570 63602 10263 20151 40133 58010 86900 555 1/039=
2026-08-07 06:00:00
33516 31569 70000 10169 20149 40162 58011 72992 87900 333
20147 555 10020=
2026-08-07 00:00:00
33516 32997 70000 10163 20146 40168 58003 87050 555 1/018=
2026-08-06 18:00:00
33516 11967 60202 10228 20174 40152 57002 69932 70298 86050
333 10331 555 1/023=
2026-08-06 12:00:00
33516 31567 71804 10313 20153 40147 54000 71791 87900 555
1/037=
2026-08-06 06:00:00
33516 32973 00000 10182 20145 40189 58003 333 20137 555
10023=
2026-08-06 00:00:00
33516 32997 00000 10166 20154 40196 58002 555 1/018=
SI Синоптичне зведення промiжний термiн
: 
Славское
2026-08-08 15:00:00
33516 42570 63602 10204 20107 40193 58006 86900 555 1/028=
2026-08-08 09:00:00
33516 42566 73602 10179 20121 40205 52009 87500 555 1/022=
2026-08-08 03:00:00
33516 42565 60000 10132 20125 40196 58003 86500 555 1/012=
2026-08-07 21:00:00
33516 42497 80000 10159 20154 40188 53005 885// 555 1/017=
2026-08-07 15:00:00
33516 41556 83604 10188 20170 40177 53025 79598 889// 555
1/022=
2026-08-07 09:00:00
33516 42570 53602 10248 20154 40147 53003 83209 555 1/036=
2026-08-07 03:00:00
33516 41567 70000 10150 20136 40179 53007 70292 87900 555
1/016=
2026-08-06 21:00:00
33516 42997 41402 10182 20152 40167 53003 84050 555 1/019=
2026-08-06 15:00:00
33516 41568 61402 10284 20161 40142 58010 70298 86900 555
1/035=
2026-08-06 09:00:00
33516 42975 00000 10304 20175 40148 57012 555 1/049=
2026-08-06 03:00:00
33516 42968 00000 10140 20133 40203 54000 555 1/015=
2026-08-05 21:00:00
33516 42997 00000 10184 20156 40194 52012 555 1/020=
SM Синоптичне зведення основний термiн
: 
Ивано Франковск
2026-08-08 18:00:00
33526 32960 52902 10203 20147 39877 40201 53007 85030 333
10244 555 1/020=
2026-08-08 12:00:00
33526 32660 62903 10225 20151 39877 40198 58002 83530 333
83640 555 1/027=
2026-08-08 06:00:00
33526 11660 82903 10172 20170 39876 40203 52011 60062 72582
889// 333 20158 83933 555 11020=
2026-08-08 00:00:00
33526 /1560 83003 10172 20172 39859 40185 52011 70298 885//
333 88620 555 1/018 60041=
2026-08-07 18:00:00
33526 11428 83103 10193 20190 39847 40170 53031 60092 79598
889// 333 10306 85912 91118 555 1/020=
2026-08-07 12:00:00
33526 32660 63303 10290 20199 39825 40137 58003 82230 555
1/041=
2026-08-07 06:00:00
33526 11960 52403 10233 20190 39828 40146 52001 69982 70298
82031 333 20193 555 11028=
2026-08-07 00:00:00
33526 32960 60502 10208 20160 39820 40141 58006 86030 555
1/020=
2026-08-06 18:00:00
33526 32960 61402 10254 20151 39824 40141 57003 83031 333
10378 555 1/023=
2026-08-06 12:00:00
33526 32760 21203 10371 20125 39828 40133 57011 82200 555
1/052=
2026-08-06 06:00:00
33526 32960 00000 10239 20176 39846 40164 54000 333 20158
555 10032=
2026-08-06 00:00:00
33526 32960 00000 10177 20167 39845 40170 57003 555 1/017=
SI Синоптичне зведення промiжний термiн
: 
Ивано Франковск
2026-08-08 15:00:00
33526 42960 52503 10238 20145 39870 40190 57007 85030 555
1/025=
2026-08-08 09:00:00
33526 42660 53502 10217 20146 39879 40201 52003 85500 333
85640 555 1/031=
2026-08-08 03:00:00
33526 42660 72702 10159 20157 39865 40193 52006 87500 333
87636 555 1/018=
2026-08-07 21:00:00
33526 41460 82805 10189 20189 39848 40172 52001 70298 886//
333 88710 555 1/020=
2026-08-07 15:00:00
33526 42660 62803 10284 20191 39816 40128 57009 86500 333
86646 555 1/030=
2026-08-07 09:00:00
33526 42960 62805 10289 20195 39828 40140 54000 86030 555
1/037=
2026-08-07 03:00:00
33526 42660 70301 10198 20157 39827 40150 57007 83330 333
82940 555 1/019=
2026-08-06 21:00:00
33526 42960 31903 10206 20160 39826 40148 53002 80001 555
1/019=
2026-08-06 15:00:00
33526 42760 62005 10312 20156 39827 40137 57001 83230 555
1/033=
2026-08-06 09:00:00
33526 42960 00601 10335 20172 39839 40147 58007 555 1/048=
2026-08-06 03:00:00
33526 42960 02402 10160 20157 39846 40174 53001 555 1/015=
2026-08-05 21:00:00
33526 42960 00000 10212 20176 39848 40170 52009 555 10019=
SM Синоптичне зведення основний термiн
: 
Черткив
2026-08-08 18:00:00
33536 32597 43401 10210 20111 40198 53011 82430 333 10245
555 1/018=
2026-08-08 12:00:00
33536 32598 50203 10225 20120 40189 58004 83939 555 1/030=
2026-08-08 06:00:00
33536 12597 83601 10166 20142 40194 52013 60092 889// 333
20165 555 11018=
2026-08-08 00:00:00
33536 /1558 80302 10188 20180 40166 53009 71098 889// 555
1/020 60091=
2026-08-07 18:00:00
33536 11596 80701 10199 20191 40166 53033 60302 79598 883//
333 10313 555 1/021=
2026-08-07 12:00:00
33536 31697 70801 10297 20166 40132 57001 71792 85339 555
1/040=
2026-08-07 06:00:00
33536 12597 60301 10255 20165 40140 58002 69932 85331 333
20214 555 11033=
2026-08-07 00:00:00
33536 /1560 50000 10233 20163 40129 58033 71398 83301 555
1/022 69931=
2026-08-06 18:00:00
33536 32598 62103 10293 20142 40147 53015 83331 333 10374
555 1/032=
2026-08-06 12:00:00
33536 32998 01803 10361 20115 40138 57010 555 1/058=
2026-08-06 06:00:00
33536 32998 00000 10267 20161 40164 53001 333 20205 555
10037=
2026-08-06 00:00:00
33536 32960 00000 10221 20162 40168 58004 555 1/020=
SI Синоптичне зведення промiжний термiн
: 
Черткив
2026-08-08 15:00:00
33536 42698 63203 10234 20110 40184 57004 83231 555 1/023=
2026-08-08 09:00:00
33536 42598 60302 10194 20139 40197 52006 85930 555 1/025=
2026-08-08 03:00:00
33536 42597 80301 10173 20156 40180 52011 889// 555 1/018=
2026-08-07 21:00:00
33536 41558 80202 10200 20197 40155 58011 79198 883// 555
1/021=
2026-08-07 15:00:00
33536 41697 60602 10295 20159 40121 57011 70192 83339 555
1/036=
2026-08-07 09:00:00
33536 42698 60702 10302 20150 40133 57002 85339 555 1/048=
2026-08-07 03:00:00
33536 42597 70000 10215 20164 40147 53015 85331 555 1/020=
2026-08-06 21:00:00
33536 41560 72005 10252 20150 40162 52009 71322 86330 555
1/026=
2026-08-06 15:00:00
33536 42698 61802 10356 20141 40125 57013 81201 555 1/045=
2026-08-06 09:00:00
33536 42998 02002 10336 20149 40151 58005 555 1/054=
2026-08-06 03:00:00
33536 42997 00000 10206 20162 40170 54000 555 1/019=
2026-08-05 21:00:00
33536 42960 00000 10254 20160 40168 52006 555 1/023=
SM Синоптичне зведення основний термiн
: 
Каменец Подольский
2026-08-08 18:00:00
33548 32999 30101 10194 20162 40204 53014 83030 333 10253
555 1/019=
2026-08-08 12:00:00
33548 32999 63604 10212 20142 40193 58002 86030 555 1/028=
2026-08-08 06:00:00
33548 12499 83504 10175 20158 40182 52014 60832 885// 333
20174 88619 555 12019=
2026-08-08 00:00:00
33548 /1497 80503 10188 20182 40163 51001 70298 889// 333
88915 555 1/019 60831=
2026-08-07 18:00:00
33548 31498 83405 10246 20205 40135 53013 71792 889// 333
10324 88915 555 1/027=
2026-08-07 12:00:00
33548 31599 50302 10321 20153 40127 57009 70292 82231 555
1/055=
2026-08-07 06:00:00
33548 12998 63502 10233 20186 40152 53015 60032 83031 333
20200 555 11026=
2026-08-07 00:00:00
33548 /1997 61603 10212 20192 40150 57004 72998 86030 555
1/020 60031=
2026-08-06 18:00:00
33548 31598 61905 10280 20203 40153 53015 70291 82530 333
10383 555 1/029=
2026-08-06 12:00:00
33548 32599 21702 10368 20149 40145 57012 82200 555 1/063=
2026-08-06 06:00:00
33548 32999 00000 10272 20179 40168 54000 333 20176 555
10039=
2026-08-06 00:00:00
33548 32997 00000 10198 20170 40176 58002 555 1/019=
SI Синоптичне зведення промiжний термiн
: 
Каменец Подольский
2026-08-08 15:00:00
33548 42599 43505 10234 20143 40186 57005 84500 555 1/028=
2026-08-08 09:00:00
33548 42599 83504 10189 20152 40197 52016 8695/ 555 1/023=
2026-08-08 03:00:00
33548 42498 83402 10190 20184 40166 52003 889// 333 55092
88915 555 1/019=
2026-08-07 21:00:00
33548 41495 80105 10193 20190 40161 50021 79598 889// 333
88913 555 1/019=
2026-08-07 15:00:00
33548 42599 53203 10314 20193 40116 57011 82231 555 1/045=
2026-08-07 09:00:00
33548 42599 60103 10302 20174 40138 58008 83931 555 1/047=
2026-08-07 03:00:00
33548 42998 61804 10216 20178 40138 57012 82031 333 55117
555 1/019=
2026-08-06 21:00:00
33548 41597 81705 10226 20188 40153 58004 72998 8555/ 555
1/022=
2026-08-06 15:00:00
33548 42599 61603 10367 20163 40131 57014 82201 555 1/053=
2026-08-06 09:00:00
33548 42999 01602 10344 20151 40159 58003 555 1/059=
2026-08-06 03:00:00
33548 41999 20000 10184 20169 40176 57001 71100 82030 333
55135 555 1/017=
2026-08-05 21:00:00
33548 42997 00101 10224 20181 40175 52006 555 1/022=
SM Синоптичне зведення основний термiн
: 
Новая Ушица
2026-08-08 18:00:00
33557 32989 20103 10182 20147 40201 53013 82030 333 10217
555 1/018=
2026-08-08 12:00:00
33557 32589 73204 10199 20153 40185 52002 85850 555 1/024=
2026-08-08 06:00:00
33557 11585 83503 10161 20153 40173 53012 60162 70298 883//
333 20161 555 11018=
2026-08-08 00:00:00
33557 /15// 72901 10179 20173 40164 52005 79598 87900 555
1/019 60131=
2026-08-07 18:00:00
33557 31586 72501 10253 20195 40121 53002 70292 86970 333
10316 555 1/024=
2026-08-07 12:00:00
33557 32689 61802 10306 20187 40125 57008 82151 555 1/038=
2026-08-07 06:00:00
33557 11583 61603 10234 20202 40142 53013 60062 70298 82351
333 20197 555 11028=
2026-08-07 00:00:00
33557 /14// 81404 10227 20170 40159 53011 79598 889// 555
1/021 60061=
2026-08-06 18:00:00
33557 31580 61302 10268 20167 40150 53009 70292 85370 333
10366 555 1/026=
2026-08-06 12:00:00
33557 32689 60000 10360 20152 40142 57011 85201 555 1/060=
2026-08-06 06:00:00
33557 32981 20000 10276 20199 40164 53001 80001 333 20197
555 10036=
2026-08-06 00:00:00
33557 329// 20000 10216 20189 40171 58002 82030 555 1/021=
SI Синоптичне зведення промiжний термiн
: 
Новая Ушица
2026-08-08 15:00:00
33557 42589 33603 10216 20138 40183 54000 82230 555 1/024=
2026-08-08 09:00:00
33557 42586 83403 10174 20157 40186 52014 8635/ 555 1/022=
2026-08-08 03:00:00
33557 41562 73003 10177 20171 40159 58006 78098 87900 333
55099 555 1/018=
2026-08-07 21:00:00
33557 415// 72910 10184 20173 40159 52028 79598 87900 555
1/019=
2026-08-07 15:00:00
33557 41589 60000 10287 20193 40116 57011 71792 84931 555
1/030=
2026-08-07 09:00:00
33557 42589 60902 10290 20191 40135 58001 83351 555 1/036=
2026-08-07 03:00:00
33557 41580 60901 10197 20177 40133 58028 72998 83350 333
55096 555 1/020=
2026-08-06 21:00:00
33557 415// 72502 10248 20160 40145 58007 71322 83351 555
1/024=
2026-08-06 15:00:00
33557 41589 71401 10338 20179 40133 57010 71792 86950 555
1/038=
2026-08-06 09:00:00
33557 42987 20000 10345 20163 40154 58003 80001 555 1/055=
2026-08-06 03:00:00
33557 42974 20000 10198 20174 40173 57001 82030 333 55136
555 1/019=
2026-08-05 21:00:00
33557 429// 00000 10249 20184 40170 52004 555 1/023=
Розроблено: АТ "Спеціальні системи з'вязку" (c) 2002 
Вебмайстер: Сергій Каменський 
Ваші побажання та пропозиції надсилайте за адресою
gcst@meteo.gov.ua